0 0.022117 0.440160 0.017875 0.025792
0 0.203078 0.022569 0.012828 0.030694
0 0.224773 0.020493 0.013766 0.027375
0 0.015617 0.022660 0.018000 0.033986
0 0.823875 0.022090 0.016313 0.025542
0 0.844199 0.022118 0.014586 0.026264
1 0.132859 0.023069 0.258141 0.036306
1 0.025410 0.294528 0.030289 0.338056
1 0.902258 0.020049 0.180484 0.035375
0 0.063289 0.021424 0.018563 0.036292
0 0.022418 0.162854 0.021586 0.038375
0 0.022094 0.211785 0.020078 0.034931
0 0.022203 0.256306 0.019859 0.034917
0 0.022309 0.303868 0.019648 0.031903
0 0.021855 0.349438 0.019945 0.037764
0 0.022246 0.395493 0.018648 0.037764
0 0.088352 0.020604 0.016703 0.034653
0 0.865270 0.025549 0.022273 0.034653
0 0.888473 0.020597 0.016711 0.031361
1 0.023328 0.292882 0.037219 0.367986
1 0.133371 0.026375 0.255258 0.042917
1 0.903328 0.021438 0.189359 0.042875
1 0.909824 0.067632 0.174508 0.042903
