0 0.927340 0.023861 0.019602 0.029028
0 0.956734 0.023646 0.020531 0.031931
0 0.985547 0.020535 0.017031 0.032347
0 0.986719 0.072431 0.017969 0.034861
0 0.873590 0.129729 0.027992 0.044375
0 0.904270 0.127868 0.022164 0.043958
0 0.935180 0.128701 0.018656 0.045625
0 0.990699 0.127660 0.012602 0.031931
0 0.787586 0.023479 0.013531 0.025708
0 0.810094 0.021826 0.013766 0.024875
0 0.424004 0.974993 0.021836 0.044292
0 0.395867 0.974743 0.022672 0.042792
0 0.365910 0.969771 0.024914 0.038819
0 0.016406 0.071736 0.019531 0.034583
0 0.051852 0.973229 0.024187 0.045375
0 0.079566 0.970542 0.024523 0.044778
0 0.107785 0.966660 0.021164 0.044181
0 0.136508 0.970243 0.022844 0.044181
0 0.164391 0.970243 0.024859 0.041792
1 0.888090 0.024965 0.216727 0.039792
1 0.891633 0.073042 0.207406 0.047083
1 0.925953 0.129410 0.142500 0.051069
1 0.051949 0.075826 0.101523 0.051569
1 0.390113 0.024806 0.772273 0.036472
1 0.220867 0.971354 0.429734 0.056514
1 0.866504 0.972625 0.156852 0.041056
0 0.337066 0.970021 0.023820 0.038319
0 0.038676 0.076701 0.021320 0.034653
0 0.062328 0.075986 0.020422 0.036306
0 0.021023 0.968562 0.026922 0.042903
0 0.193207 0.970299 0.022273 0.039431
0 0.221520 0.971125 0.023211 0.044722
0 0.252148 0.968562 0.026922 0.042903
0 0.279531 0.972778 0.022281 0.044389
0 0.308770 0.974424 0.021352 0.041097
0 0.829039 0.971944 0.018562 0.036472
0 0.848996 0.971944 0.019492 0.036472
0 0.808152 0.972771 0.025055 0.031514
0 0.873590 0.969472 0.016711 0.037778
0 0.898187 0.974333 0.023203 0.044556
0 0.915824 0.971201 0.012070 0.031347
0 0.932535 0.972771 0.019492 0.031514
0 0.805078 0.073660 0.020766 0.033181
0 0.825488 0.073250 0.015398 0.032361
0 0.856285 0.073875 0.018664 0.036083
0 0.880195 0.071799 0.017500 0.034431
0 0.906555 0.075736 0.018891 0.034000
0 0.927785 0.073868 0.015633 0.032764
0 0.963359 0.074493 0.021922 0.038153
